7218.348442283276 1321.119413053424 
722.6493542663047 1864.3449993916129 
5218.627500375009 2538.5370984222936 
13407.590036685515 2594.000526843818 
5689.027837180169 3204.8761243494164 
12903.259625845305 4055.169875041972 
2271.000035489209 4135.918750049116 
8615.991328971762 4327.513397504367 
18516.804750720483 4793.28357772485 
18592.376207869558 4816.2788195227195 
612.8960581175488 5997.931967949666 
16634.950858110504 6135.469660971355 
3269.66871973829 6480.558615316902 
12043.118375064456 7503.166418935408 
2444.7456372680663 7639.721568702095 
15498.084023737145 7858.603149829015 
6940.082167534243 8886.34602909123 
9254.977138876722 9176.428151631613 
13946.93345491463 9120.446694922664 
8822.613371495292 9294.992632502404 
17662.37881412621 10199.066656892965 
13453.831527438926 10469.998594085435 
18255.976253324738 11052.957541248516 
4614.511097740022 11126.584132175349 
9510.533833755233 11278.177380190453 
13972.954377398557 12026.37913966916 
8033.658296950911 12491.005147370935 
10270.408916106544 12568.673118886765 
4918.915272073857 12814.08261048566 
12555.888088304693 13352.35450224467 
6123.489366222371 13414.546115681444 
16881.78954620119 13850.414116123744 
17089.2728293096 13940.821184535042 
17364.136502166053 14001.048147814701 
3077.263816822039 14265.955869870584 
14100.870658540875 14305.427801578047 
16419.02802615794 14502.057669171016 
2218.1292935669117 15130.760831216401 
17211.50475091956 15560.47311692476 
17200.913207142556 15554.61443885311 
9932.746848686516 15916.821259493849 
2716.454010105889 15948.664840925605 
2632.2601340001274 15997.66738656494 
4086.605508843443 17295.6199282748 
18398.558349543688 17940.02486612554 
13196.149138659493 18628.162019416264 
-99.0 -99.0 
-99.0 -99.0 
-99.0 -99.0 
-99.0 -99.0 
-99.0 -99.0 
-99.0 -99.0 
-99.0 -99.0 
-99.0 -99.0 
-99.0 -99.0 
-99.0 -99.0 
-99.0 -99.0 
-99.0 -99.0 
-99.0 -99.0 
-99.0 -99.0 
-99.0 -99.0 
-99.0 -99.0 
-99.0 -99.0 
-99.0 -99.0 
-99.0 -99.0 
-99.0 -99.0 
-99.0 -99.0 
-99.0 -99.0 
-99.0 -99.0 
-99.0 -99.0 
-99.0 -99.0 
-99.0 -99.0 
-99.0 -99.0 
-99.0 -99.0 
-99.0 -99.0 
-99.0 -99.0 
-99.0 -99.0 
-99.0 -99.0 
-99.0 -99.0 
-99.0 -99.0 
-99.0 -99.0 
-99.0 -99.0 
-99.0 -99.0 
-99.0 -99.0 
-99.0 -99.0 
-99.0 -99.0 
-99.0 -99.0 
-99.0 -99.0 
-99.0 -99.0 
-99.0 -99.0 
-99.0 -99.0 
-99.0 -99.0 
-99.0 -99.0 
-99.0 -99.0 
-99.0 -99.0 
-99.0 -99.0 
-99.0 -99.0 
-99.0 -99.0 
-99.0 -99.0 
-99.0 -99.0 
-99.0 -99.0 
-99.0 -99.0 
-99.0 -99.0 
-99.0 -99.0 
-99.0 -99.0 
-99.0 -99.0 
-99.0 -99.0 
-99.0 -99.0 
-99.0 -99.0 
-99.0 -99.0 
-99.0 -99.0 
-99.0 -99.0 
-99.0 -99.0 
-99.0 -99.0 
-99.0 -99.0 
-99.0 -99.0 
-99.0 -99.0 
-99.0 -99.0 
-99.0 -99.0 
-99.0 -99.0 
-99.0 -99.0 
-99.0 -99.0 
-99.0 -99.0 
-99.0 -99.0 
-99.0 -99.0 
-99.0 -99.0 
-99.0 -99.0 
-99.0 -99.0 
-99.0 -99.0 
-99.0 -99.0 
-99.0 -99.0 
-99.0 -99.0 
-99.0 -99.0 
-99.0 -99.0 
-99.0 -99.0 
-99.0 -99.0 
-99.0 -99.0 
-99.0 -99.0 
-99.0 -99.0 
-99.0 -99.0 
-99.0 -99.0 
-99.0 -99.0 
-99.0 -99.0 
-99.0 -99.0 
-99.0 -99.0 
-99.0 -99.0 
-99.0 -99.0 
-99.0 -99.0 
-99.0 -99.0 
-99.0 -99.0 
-99.0 -99.0 
-99.0 -99.0 
-99.0 -99.0 
-99.0 -99.0 
-99.0 -99.0 
-99.0 -99.0 
-99.0 -99.0 
-99.0 -99.0 
-99.0 -99.0 
-99.0 -99.0 
-99.0 -99.0 
-99.0 -99.0 
-99.0 -99.0 
-99.0 -99.0 
-99.0 -99.0 
-99.0 -99.0 
-99.0 -99.0 
-99.0 -99.0 
-99.0 -99.0 
-99.0 -99.0 
-99.0 -99.0 
-99.0 -99.0 
-99.0 -99.0 
-99.0 -99.0 
-99.0 -99.0 
-99.0 -99.0 
-99.0 -99.0 
-99.0 -99.0 
-99.0 -99.0 
-99.0 -99.0 
-99.0 -99.0 
-99.0 -99.0 
-99.0 -99.0 
15325.173118627335 1376.763917104623 
13770.907499602377 1454.0847716285152 
9278.81129763731 1752.3002667153878 
4280.281478082635 2091.339084415228 
13953.707316774577 2207.02165872948 
16759.117525592555 2619.240377615336 
11344.773383011665 3179.7432880283086 
7953.276079707031 3081.0993563260863 
14952.683823822274 3921.444212651373 
6666.902103241398 4197.064723048954 
5791.776580744762 4826.6864735378795 
14948.56472925498 5270.638301965705 
12192.268832823072 6013.379680112788 
12291.100186929663 6172.147376808549 
10065.820683342861 6345.348162974015 
3945.260127269583 6316.733369089351 
6684.21535525301 6747.813065108034 
8436.442643847013 7145.715040790186 
6857.041852729122 8325.169820561408 
15208.513732600357 8565.511460659367 
11360.808967689383 8681.221271104445 
4761.693438064356 8845.013345163201 
8959.757089601124 8942.58841509578 
14755.69102825705 10908.54222267334 
7788.279675466847 11241.280036362561 
9400.274074996642 11616.111768627818 
7638.1686675963865 11768.581216516224 
14011.795523124392 12657.961364336548 
4551.956329924832 13142.08732722948 
16698.798600833823 13255.412973036038 
10732.459506742882 13674.705701994073 
7480.734908113146 13706.53485784876 
10685.099372183979 13865.899318904227 
6066.570383835251 14130.16946421964 
16907.42243935389 14805.791774792277 
11533.257343825684 15171.585790610141 
9120.352121455113 15310.233163932307 
10075.528461896738 15657.280747820125 
1281.9926127451308 16606.101664266087 
16553.55095582935 17104.47221178012 
-99.0 -99.0 
-99.0 -99.0 
-99.0 -99.0 
-99.0 -99.0 
-99.0 -99.0 
-99.0 -99.0 
-99.0 -99.0 
-99.0 -99.0 
-99.0 -99.0 
-99.0 -99.0 
-99.0 -99.0 
-99.0 -99.0 
-99.0 -99.0 
-99.0 -99.0 
-99.0 -99.0 
-99.0 -99.0 
-99.0 -99.0 
-99.0 -99.0 
-99.0 -99.0 
-99.0 -99.0 
-99.0 -99.0 
-99.0 -99.0 
-99.0 -99.0 
-99.0 -99.0 
-99.0 -99.0 
-99.0 -99.0 
-99.0 -99.0 
-99.0 -99.0 
-99.0 -99.0 
-99.0 -99.0 
-99.0 -99.0 
-99.0 -99.0 
-99.0 -99.0 
-99.0 -99.0 
-99.0 -99.0 
-99.0 -99.0 
-99.0 -99.0 
-99.0 -99.0 
-99.0 -99.0 
-99.0 -99.0 
-99.0 -99.0 
-99.0 -99.0 
-99.0 -99.0 
-99.0 -99.0 
-99.0 -99.0 
-99.0 -99.0 
-99.0 -99.0 
-99.0 -99.0 
-99.0 -99.0 
-99.0 -99.0 
-99.0 -99.0 
-99.0 -99.0 
-99.0 -99.0 
-99.0 -99.0 
-99.0 -99.0 
-99.0 -99.0 
-99.0 -99.0 
-99.0 -99.0 
-99.0 -99.0 
-99.0 -99.0 
-99.0 -99.0 
-99.0 -99.0 
-99.0 -99.0 
-99.0 -99.0 
-99.0 -99.0 
-99.0 -99.0 
-99.0 -99.0 
-99.0 -99.0 
-99.0 -99.0 
-99.0 -99.0 
-99.0 -99.0 
-99.0 -99.0 
-99.0 -99.0 
-99.0 -99.0 
-99.0 -99.0 
-99.0 -99.0 
-99.0 -99.0 
-99.0 -99.0 
-99.0 -99.0 
-99.0 -99.0 
-99.0 -99.0 
-99.0 -99.0 
-99.0 -99.0 
-99.0 -99.0 
-99.0 -99.0 
-99.0 -99.0 
-99.0 -99.0 
-99.0 -99.0 
-99.0 -99.0 
-99.0 -99.0 
-99.0 -99.0 
-99.0 -99.0 
-99.0 -99.0 
-99.0 -99.0 
-99.0 -99.0 
-99.0 -99.0 
-99.0 -99.0 
-99.0 -99.0 
-99.0 -99.0 
-99.0 -99.0 
-99.0 -99.0 
-99.0 -99.0 
-99.0 -99.0 
-99.0 -99.0 
-99.0 -99.0 
-99.0 -99.0 
-99.0 -99.0 
-99.0 -99.0 
-99.0 -99.0 
-99.0 -99.0 
-99.0 -99.0 
-99.0 -99.0 
-99.0 -99.0 
-99.0 -99.0 
-99.0 -99.0 
-99.0 -99.0 
-99.0 -99.0 
-99.0 -99.0 
-99.0 -99.0 
-99.0 -99.0 
-99.0 -99.0 
-99.0 -99.0 
-99.0 -99.0 
-99.0 -99.0 
-99.0 -99.0 
-99.0 -99.0 
-99.0 -99.0 
-99.0 -99.0 
-99.0 -99.0 
-99.0 -99.0 
-99.0 -99.0 
-99.0 -99.0 
-99.0 -99.0 
-99.0 -99.0 
-99.0 -99.0 
-99.0 -99.0 
-99.0 -99.0 
-99.0 -99.0 
-99.0 -99.0 
-99.0 -99.0 
-99.0 -99.0 
-99.0 -99.0 
-99.0 -99.0 
-99.0 -99.0 
-99.0 -99.0 
-99.0 -99.0 
-99.0 -99.0 
-99.0 -99.0 
-99.0 -99.0 
-99.0 -99.0 
-99.0 -99.0 
-99.0 -99.0 
-99.0 -99.0 
-99.0 -99.0 
-99.0 -99.0 
-99.0 -99.0 
-99.0 -99.0 
-99.0 -99.0 
-99.0 -99.0 
-99.0 -99.0 
-99.0 -99.0 
-99.0 -99.0 
-99.0 -99.0 
-99.0 -99.0 
-99.0 -99.0 
-99.0 -99.0 
-99.0 -99.0 
-99.0 -99.0 
-99.0 -99.0 
-99.0 -99.0 
-99.0 -99.0 
-99.0 -99.0 
-99.0 -99.0 
-99.0 -99.0 
-99.0 -99.0 
-99.0 -99.0 
-99.0 -99.0 
-99.0 -99.0 
-99.0 -99.0 
-99.0 -99.0 
-99.0 -99.0 
-99.0 -99.0 
-99.0 -99.0 
-99.0 -99.0 
-99.0 -99.0 
-99.0 -99.0 
-99.0 -99.0 
-99.0 -99.0 
-99.0 -99.0 
-99.0 -99.0 
-99.0 -99.0 
-99.0 -99.0 
-99.0 -99.0 
-99.0 -99.0 
-99.0 -99.0 
-99.0 -99.0 
-99.0 -99.0 
-99.0 -99.0 
-99.0 -99.0 
-99.0 -99.0 
-99.0 -99.0 
-99.0 -99.0 
-99.0 -99.0 
-99.0 -99.0 
-99.0 -99.0 
-99.0 -99.0 
-99.0 -99.0 
-99.0 -99.0 
-99.0 -99.0 
-99.0 -99.0 
-99.0 -99.0 
-99.0 -99.0 
-99.0 -99.0 
-99.0 -99.0 
-99.0 -99.0 
-99.0 -99.0 
-99.0 -99.0 
-99.0 -99.0 
-99.0 -99.0 
-99.0 -99.0 
-99.0 -99.0 
-99.0 -99.0 
-99.0 -99.0 
-99.0 -99.0 
-99.0 -99.0 
-99.0 -99.0 
-99.0 -99.0 
-99.0 -99.0 
-99.0 -99.0 
-99.0 -99.0 
-99.0 -99.0 
-99.0 -99.0 
-99.0 -99.0 
-99.0 -99.0 
-99.0 -99.0 
-99.0 -99.0 
-99.0 -99.0 
-99.0 -99.0 
-99.0 -99.0 
-99.0 -99.0 
-99.0 -99.0 
-99.0 -99.0 
-99.0 -99.0 
-99.0 -99.0 
-99.0 -99.0 
-99.0 -99.0 
-99.0 -99.0 
-99.0 -99.0 
-99.0 -99.0 
-99.0 -99.0 
-99.0 -99.0 
-99.0 -99.0 
-99.0 -99.0 
-99.0 -99.0 
-99.0 -99.0 
-99.0 -99.0 
-99.0 -99.0 
-99.0 -99.0 
-99.0 -99.0 
-99.0 -99.0 
-99.0 -99.0 
-99.0 -99.0 
-99.0 -99.0 
-99.0 -99.0 
-99.0 -99.0 
-99.0 -99.0 
-99.0 -99.0 
-99.0 -99.0 
-99.0 -99.0 
-99.0 -99.0 
-99.0 -99.0 
-99.0 -99.0 
-99.0 -99.0 
-99.0 -99.0 
-99.0 -99.0 
-99.0 -99.0 
-99.0 -99.0 
-99.0 -99.0 
-99.0 -99.0 
-99.0 -99.0 
-99.0 -99.0 
-99.0 -99.0 
-99.0 -99.0 
-99.0 -99.0 
-99.0 -99.0 
-99.0 -99.0 
-99.0 -99.0 
-99.0 -99.0 
-99.0 -99.0 
-99.0 -99.0 
-99.0 -99.0 
-99.0 -99.0 
-99.0 -99.0 
-99.0 -99.0 
-99.0 -99.0 
-99.0 -99.0 
-99.0 -99.0 
-99.0 -99.0 
-99.0 -99.0 
-99.0 -99.0 
-99.0 -99.0 
-99.0 -99.0 
-99.0 -99.0 
-99.0 -99.0 
-99.0 -99.0 
-99.0 -99.0 
-99.0 -99.0 
-99.0 -99.0 
-99.0 -99.0 
-99.0 -99.0 
-99.0 -99.0 
-99.0 -99.0 
-99.0 -99.0 
-99.0 -99.0 
-99.0 -99.0 
-99.0 -99.0 
-99.0 -99.0 
-99.0 -99.0 
-99.0 -99.0 
-99.0 -99.0 
-99.0 -99.0 
-99.0 -99.0 
-99.0 -99.0 
-99.0 -99.0 
-99.0 -99.0 
-99.0 -99.0 
-99.0 -99.0 
-99.0 -99.0 
-99.0 -99.0 
-99.0 -99.0 
-99.0 -99.0 
-99.0 -99.0 
-99.0 -99.0 
-99.0 -99.0 
-99.0 -99.0 
-99.0 -99.0 
-99.0 -99.0 
-99.0 -99.0 
-99.0 -99.0 
-99.0 -99.0 
-99.0 -99.0 
-99.0 -99.0 
-99.0 -99.0 
-99.0 -99.0 
-99.0 -99.0 
-99.0 -99.0 
-99.0 -99.0 
-99.0 -99.0 
-99.0 -99.0 
-99.0 -99.0 
-99.0 -99.0 
-99.0 -99.0 
-99.0 -99.0 
-99.0 -99.0 
-99.0 -99.0 
-99.0 -99.0 
-99.0 -99.0 
-99.0 -99.0 
-99.0 -99.0 
-99.0 -99.0 
-99.0 -99.0 
-99.0 -99.0 
-99.0 -99.0 
-99.0 -99.0 
-99.0 -99.0 
-99.0 -99.0 
-99.0 -99.0 
-99.0 -99.0 
-99.0 -99.0 
-99.0 -99.0 
-99.0 -99.0 
-99.0 -99.0 
-99.0 -99.0 
-99.0 -99.0 
-99.0 -99.0 
-99.0 -99.0 
-99.0 -99.0 
-99.0 -99.0 
-99.0 -99.0 
-99.0 -99.0 
-99.0 -99.0 
-99.0 -99.0 
-99.0 -99.0 
-99.0 -99.0 
-99.0 -99.0 
-99.0 -99.0 
-99.0 -99.0 
-99.0 -99.0 
-99.0 -99.0 
-99.0 -99.0 
-99.0 -99.0 
-99.0 -99.0 
-99.0 -99.0 
-99.0 -99.0 
-99.0 -99.0 
-99.0 -99.0 
-99.0 -99.0 
-99.0 -99.0 
-99.0 -99.0 
-99.0 -99.0 
-99.0 -99.0 
-99.0 -99.0 
-99.0 -99.0 
-99.0 -99.0 
-99.0 -99.0 
-99.0 -99.0 
-99.0 -99.0 
-99.0 -99.0 
-99.0 -99.0 
-99.0 -99.0 
-99.0 -99.0 
-99.0 -99.0 
-99.0 -99.0 
-99.0 -99.0 
-99.0 -99.0 
-99.0 -99.0 
-99.0 -99.0 
-99.0 -99.0 
-99.0 -99.0 
-99.0 -99.0 
-99.0 -99.0 
-99.0 -99.0 
-99.0 -99.0 
-99.0 -99.0 
-99.0 -99.0 
-99.0 -99.0 
-99.0 -99.0 
-99.0 -99.0 
-99.0 -99.0 
-99.0 -99.0 
-99.0 -99.0 
-99.0 -99.0 
-99.0 -99.0 
-99.0 -99.0 
-99.0 -99.0 
-99.0 -99.0 
-99.0 -99.0 
-99.0 -99.0 
-99.0 -99.0 
-99.0 -99.0 
-99.0 -99.0 
-99.0 -99.0 
-99.0 -99.0 
-99.0 -99.0 
-99.0 -99.0 
-99.0 -99.0 
-99.0 -99.0 
-99.0 -99.0 
-99.0 -99.0 
-99.0 -99.0 
-99.0 -99.0 
-99.0 -99.0 
-99.0 -99.0 
-99.0 -99.0 
-99.0 -99.0 
-99.0 -99.0 
-99.0 -99.0 
-99.0 -99.0 
-99.0 -99.0 
-99.0 -99.0 
-99.0 -99.0 
-99.0 -99.0 
-99.0 -99.0 
-99.0 -99.0 
-99.0 -99.0 
-99.0 -99.0 
-99.0 -99.0 
-99.0 -99.0 
-99.0 -99.0 
-99.0 -99.0 
-99.0 -99.0 
-99.0 -99.0 
-99.0 -99.0 
-99.0 -99.0 
-99.0 -99.0 
-99.0 -99.0 
-99.0 -99.0 
-99.0 -99.0 
-99.0 -99.0 
-99.0 -99.0 
-99.0 -99.0 
-99.0 -99.0 
-99.0 -99.0 
-99.0 -99.0 
-99.0 -99.0 
-99.0 -99.0 
-99.0 -99.0 
-99.0 -99.0 
-99.0 -99.0 
-99.0 -99.0 
-99.0 -99.0 
-99.0 -99.0 
-99.0 -99.0 
-99.0 -99.0 
-99.0 -99.0 
-99.0 -99.0 
-99.0 -99.0 
-99.0 -99.0 
-99.0 -99.0 
-99.0 -99.0 
-99.0 -99.0 
-99.0 -99.0 
-99.0 -99.0 
-99.0 -99.0 
-99.0 -99.0 
-99.0 -99.0 
-99.0 -99.0 
-99.0 -99.0 
-99.0 -99.0 
-99.0 -99.0 
-99.0 -99.0 
-99.0 -99.0 
-99.0 -99.0 
-99.0 -99.0 
-99.0 -99.0 
-99.0 -99.0 
-99.0 -99.0 
-99.0 -99.0 
-99.0 -99.0 
-99.0 -99.0 
-99.0 -99.0 
-99.0 -99.0 
-99.0 -99.0 
-99.0 -99.0 
-99.0 -99.0 
-99.0 -99.0 
-99.0 -99.0 
-99.0 -99.0 
-99.0 -99.0 
-99.0 -99.0 
-99.0 -99.0 
-99.0 -99.0 
-99.0 -99.0 
-99.0 -99.0 
-99.0 -99.0 
-99.0 -99.0 
-99.0 -99.0 
-99.0 -99.0 
-99.0 -99.0 
-99.0 -99.0 
-99.0 -99.0 
-99.0 -99.0 
-99.0 -99.0 
-99.0 -99.0 
-99.0 -99.0 
-99.0 -99.0 
-99.0 -99.0 
-99.0 -99.0 
-99.0 -99.0 
-99.0 -99.0 
-99.0 -99.0 
-99.0 -99.0 
-99.0 -99.0 
-99.0 -99.0 
-99.0 -99.0 
-99.0 -99.0 
-99.0 -99.0 
-99.0 -99.0 
-99.0 -99.0 
-99.0 -99.0 
-99.0 -99.0 
-99.0 -99.0 
-99.0 -99.0 
-99.0 -99.0 
-99.0 -99.0 
-99.0 -99.0 
-99.0 -99.0 
-99.0 -99.0 
-99.0 -99.0 
-99.0 -99.0 
-99.0 -99.0 
-99.0 -99.0 
-99.0 -99.0 
-99.0 -99.0 
-99.0 -99.0 
-99.0 -99.0 
-99.0 -99.0 
-99.0 -99.0 
-99.0 -99.0 
-99.0 -99.0 
-99.0 -99.0 
-99.0 -99.0 
-99.0 -99.0 
-99.0 -99.0 
-99.0 -99.0 
-99.0 -99.0 
-99.0 -99.0 
-99.0 -99.0 
-99.0 -99.0 
-99.0 -99.0 
-99.0 -99.0 
-99.0 -99.0 
-99.0 -99.0 
-99.0 -99.0 
-99.0 -99.0 
-99.0 -99.0 
-99.0 -99.0 
-99.0 -99.0 
-99.0 -99.0 
-99.0 -99.0 
-99.0 -99.0 
-99.0 -99.0 
-99.0 -99.0 
-99.0 -99.0 
-99.0 -99.0 
-99.0 -99.0 
-99.0 -99.0 
-99.0 -99.0 
-99.0 -99.0 
-99.0 -99.0 
-99.0 -99.0 
-99.0 -99.0 
-99.0 -99.0 
-99.0 -99.0 
-99.0 -99.0 
-99.0 -99.0 
-99.0 -99.0 
-99.0 -99.0 
-99.0 -99.0 
-99.0 -99.0 
-99.0 -99.0 
-99.0 -99.0 
-99.0 -99.0 
-99.0 -99.0 
-99.0 -99.0 
-99.0 -99.0 
-99.0 -99.0 
-99.0 -99.0 
-99.0 -99.0 
-99.0 -99.0 
-99.0 -99.0 
-99.0 -99.0 
-99.0 -99.0 
-99.0 -99.0 
