18254 132.674988 -5.615006 085011-051100 073
23349 133.012177 -5.586772 085011-051100 073
31800 132.778778 -5.552078 085011-051100 073
32259 132.353699 -5.549226 085011-051100 073
39861 132.754349 -5.517661 085011-051100 073
49985 132.379898 -5.473743 085011-051100 073
53049 132.931732 -5.469472 085011-051100 073
53574 132.602417 -5.459693 085011-051100 073
60261 132.088577 -5.435458 085011-051100 073
60470 132.084656 -5.434267 085011-051100 073
73293 133.017715 -5.373212 085011-051100 073
74194 132.186279 -5.366180 085011-051100 073
80020 132.879837 -5.348367 085011-051100 073
90357 132.424576 -5.295610 085011-051100 073
92850 132.922607 -5.288454 085011-051100 073
95690 132.245316 -5.277185 085011-051100 073
107670 132.689346 -5.224142 085011-051100 073
111647 132.569244 -5.209170 085011-051100 073
111739 132.325821 -5.212024 085011-051100 073
113363 132.591675 -5.203043 085011-051100 073
123761 132.133102 -5.156200 085011-051100 073
126999 132.351425 -5.142306 085011-051100 073
134941 132.102341 -5.112063 085011-051100 073
135553 132.809952 -5.108359 085011-051100 073
137515 132.555984 -5.100580 085011-051100 073
145414 132.324524 -5.061885 085011-051100 073
152756 132.632584 -5.037912 085011-051100 073
153556 132.516571 -5.033904 085011-051100 073
154495 132.794128 -5.021179 085011-051100 073
161168 132.398041 -4.993398 085011-051100 073
162663 132.731644 -4.990176 085011-051100 073
167291 132.173706 -4.967577 085011-051100 073
168525 132.162949 -4.962900 085011-051100 073
168790 132.148697 -4.959780 085011-051100 073
171672 132.889603 -4.946125 085011-051100 073
173502 132.317932 -4.944134 085011-051100 073
174357 132.197723 -4.933923 085011-051100 073
181517 132.934128 -4.901421 085011-051100 073
186416 132.156662 -4.879218 085011-051100 073
186768 132.157211 -4.879521 085011-051100 073
190627 132.534088 -4.860920 085011-051100 073
190955 132.908264 -4.859179 085011-051100 073
191801 132.912628 -4.856645 085011-051100 073
206919 132.837189 -4.789624 085011-051100 073
215016 132.095200 -4.756245 085011-051100 073
223733 132.364914 -4.720817 085011-051100 073
11933 132.591919 -4.713879 085011-041500 074
20591 132.594620 -4.683880 085011-041500 074
51163 132.094406 -4.576812 085011-041500 074
54974 132.876251 -4.574671 085011-041500 074
86559 132.124023 -4.454488 085011-041500 074
87902 132.855347 -4.456423 085011-041500 074
94009 132.573730 -4.428973 085011-041500 074
133412 132.285339 -4.294312 085011-041500 074
146314 132.951431 -4.249338 085011-041500 074
149457 132.537476 -4.248975 085011-041500 074
178088 132.564880 -4.156733 085011-041500 074
186912 132.098572 -4.120924 085011-041500 074
200017 132.613419 -4.086058 085011-041500 074
207208 132.372757 -4.054730 085011-041500 074
212088 132.195160 -4.036788 085011-041500 074
216233 132.128952 -4.025249 085011-041500 074
221864 132.351807 -4.007414 085011-041500 074
237906 132.674454 -3.963760 085011-041500 074
249670 132.099670 -3.914194 085011-041500 074
252322 132.520050 -3.912741 085011-041500 074
268329 132.495087 -3.856119 085011-041500 074
280703 132.313736 -3.817765 085011-041500 074
17059 132.757294 -3.746145 085011-031900 075
22231 132.613129 -3.725768 085011-031900 075
39421 132.318756 -3.646477 085011-031900 075
44295 132.104080 -3.630139 085011-031900 075
45146 132.377274 -3.621716 085011-031900 075
50729 132.889160 -3.602243 085011-031900 075
52112 132.252609 -3.590139 085011-031900 075
53008 132.370972 -3.594501 085011-031900 075
54766 132.141083 -3.583155 085011-031900 075
59200 132.898285 -3.555974 085011-031900 075
63540 132.725235 -3.539416 085011-031900 075
65091 132.324356 -3.531293 085011-031900 075
65124 132.323669 -3.528414 085011-031900 075
67881 132.227081 -3.520287 085011-031900 075
72617 132.117477 -3.502441 085011-031900 075
82109 132.428604 -3.459811 085011-031900 075
92353 132.186203 -3.410221 085011-031900 075
95874 132.787796 -3.396310 085011-031900 075
97672 132.189224 -3.386277 085011-031900 075
101686 132.347733 -3.373851 085011-031900 075
104299 132.349823 -3.365524 085011-031900 075
104531 132.196396 -3.363806 085011-031900 075
111017 132.413208 -3.343845 085011-031900 075
115880 132.420563 -3.313604 085011-031900 075
118022 132.294495 -3.309014 085011-031900 075
124022 132.380585 -3.282849 085011-031900 075
133282 132.935181 -3.248568 085011-031900 075
139536 132.795868 -3.219987 085011-031900 075
150479 132.937012 -3.174346 085011-031900 075
155892 132.378647 -3.156312 085011-031900 075
158903 132.566513 -3.142166 085011-031900 075
159380 132.804703 -3.144809 085011-031900 075
171776 132.376389 -3.089002 085011-031900 075
173430 132.830505 -3.081305 085011-031900 075
181830 132.252762 -3.050542 085011-031900 075
186185 132.340012 -3.025567 085011-031900 075
187567 132.600815 -3.021447 085011-031900 075
202122 132.314102 -2.964332 085011-031900 075
203308 132.447266 -2.958494 085011-031900 075
204015 132.696579 -2.955560 085011-031900 075
208186 132.229446 -2.948054 085011-031900 075
213492 132.302139 -2.922752 085011-031900 075
214289 132.230606 -2.919094 085011-031900 075
214482 132.086899 -2.919236 085011-031900 075
220154 132.779617 -2.896949 085011-031900 075
224581 132.686966 -2.880809 085011-031900 075
18147 132.093216 -2.818692 085011-022300 076
19471 132.509827 -2.806156 085011-022300 076
20302 132.536484 -2.803193 085011-022300 076
23865 132.776550 -2.791971 085011-022300 076
25511 132.539673 -2.784166 085011-022300 076
30537 132.295822 -2.764270 085011-022300 076
31561 132.933365 -2.760357 085011-022300 076
37208 133.011307 -2.737180 085011-022300 076
52917 132.617325 -2.673596 085011-022300 076
52974 132.650635 -2.675717 085011-022300 076
53592 132.175018 -2.675017 085011-022300 076
57758 132.803024 -2.653169 085011-022300 076
61836 132.588272 -2.636354 085011-022300 076
67320 132.262100 -2.614082 085011-022300 076
68448 132.915802 -2.606374 085011-022300 076
74340 132.773849 -2.590464 085011-022300 076
91337 132.209488 -2.513819 085011-022300 076
103429 132.263809 -2.466171 085011-022300 076
109463 132.139053 -2.442960 085011-022300 076
135014 132.968262 -2.333888 085011-022300 076
139844 132.108353 -2.318361 085011-022300 076
151614 132.893509 -2.271069 085011-022300 076
151672 132.348495 -2.269126 085011-022300 076
152790 132.529404 -2.265907 085011-022300 076
157188 132.092773 -2.251885 085011-022300 076
185470 132.649246 -2.141457 085011-022300 076
187762 132.827881 -2.125021 085011-022300 076
188066 132.438217 -2.123333 085011-022300 076
188567 132.872452 -2.119765 085011-022300 076
193925 132.673309 -2.097855 085011-022300 076
194014 132.854843 -2.100873 085011-022300 076
205007 132.394699 -2.056321 085011-022300 076
205473 132.109604 -2.055551 085011-022300 076
206758 132.570999 -2.049823 085011-022300 076
210540 132.753235 -2.040535 085011-022300 076
219636 132.385132 -2.002155 085011-022300 076
221361 132.729141 -1.993664 085011-022300 076
221709 132.774811 -1.993367 085011-022300 076
222477 132.132156 -1.990005 085011-022300 076
223462 132.442001 -1.986471 085011-022300 076
224242 132.523102 -1.992181 085011-022300 076
228500 132.496582 -1.968392 085011-022300 076
230095 132.450714 -1.961312 085011-022300 076
239102 132.290955 -1.924055 085011-022300 076
239838 132.211502 -1.922967 085011-022300 076
16224 132.110123 -1.889658 085011-012700 077
40165 132.697876 -1.797965 085011-012700 077
54372 132.420059 -1.742243 085011-012700 077
61577 132.736832 -1.715597 085011-012700 077
69411 132.295395 -1.684645 085011-012700 077
71995 132.612823 -1.673860 085011-012700 077
80812 132.181717 -1.644673 085011-012700 077
99205 132.273590 -1.584915 085011-012700 077
105029 132.337158 -1.560427 085011-012700 077
105389 132.474945 -1.551403 085011-012700 077
110319 132.623734 -1.535217 085011-012700 077
110601 132.328171 -1.536137 085011-012700 077
114035 132.210541 -1.523775 085011-012700 077
115311 132.309296 -1.517081 085011-012700 077
130209 132.426559 -1.464237 085011-012700 077
131878 132.368744 -1.458010 085011-012700 077
148658 132.776764 -1.396666 085011-012700 077
163301 132.395950 -1.346776 085011-012700 077
164280 132.519394 -1.343380 085011-012700 077
165847 132.813721 -1.338823 085011-012700 077
188265 132.249512 -1.263446 085011-012700 077
188309 132.880539 -1.255617 085011-012700 077
213728 132.587326 -1.161414 085011-012700 077
254891 132.406540 -1.016241 085011-012700 077
14493 133.206757 -5.612072 085400-051100 078
15043 133.287445 -5.608112 085400-051100 078
18105 133.520645 -5.592743 085400-051100 078
21991 133.780121 -5.575161 085400-051100 078
24487 133.277969 -5.569209 085400-051100 078
28574 133.132355 -5.547840 085400-051100 078
31114 133.413406 -5.518989 085400-051100 078
32602 133.589447 -5.524085 085400-051100 078
41726 133.226151 -5.480613 085400-051100 078
44574 133.656204 -5.466415 085400-051100 078
51320 133.701614 -5.433872 085400-051100 078
55612 133.226395 -5.410907 085400-051100 078
63827 133.369446 -5.372580 085400-051100 078
67012 133.364319 -5.364376 085400-051100 078
68173 133.479797 -5.355442 085400-051100 078
68612 133.797409 -5.356849 085400-051100 078
72083 133.655273 -5.334629 085400-051100 078
76133 133.564346 -5.314087 085400-051100 078
89376 133.646286 -5.253135 085400-051100 078
91762 133.212982 -5.240669 085400-051100 078
93545 133.412613 -5.234750 085400-051100 078
94579 133.754990 -5.226242 085400-051100 078
95712 133.537186 -5.221251 085400-051100 078
115938 133.236526 -5.119624 085400-051100 078
118636 133.597946 -5.102479 085400-051100 078
122472 133.514328 -5.083120 085400-051100 078
124524 133.605728 -5.075234 085400-051100 078
134429 133.275146 -5.029253 085400-051100 078
139590 133.765778 -5.004225 085400-051100 078
140676 133.135803 -4.998323 085400-051100 078
144537 133.445236 -4.976758 085400-051100 078
144994 133.613876 -4.975106 085400-051100 078
146408 133.447693 -4.966880 085400-051100 078
148774 133.687210 -4.953202 085400-051100 078
155484 133.125031 -4.918217 085400-051100 078
159125 133.403717 -4.899416 085400-051100 078
160241 133.528839 -4.892259 085400-051100 078
164831 133.479309 -4.874329 085400-051100 078
174196 133.935242 -4.825170 085400-051100 078
179621 133.143448 -4.799468 085400-051100 078
11816 133.282043 -4.700838 085400-041500 079
43780 133.880630 -4.567903 085400-041500 079
44368 133.963608 -4.566084 085400-041500 079
64264 133.347794 -4.481707 085400-041500 079
71263 133.930145 -4.455786 085400-041500 079
76499 133.202881 -4.433818 085400-041500 079
76745 133.425385 -4.434486 085400-041500 079
82560 133.887558 -4.416030 085400-041500 079
86203 133.406250 -4.397184 085400-041500 079
89728 133.364914 -4.383097 085400-041500 079
91335 133.332275 -4.372714 085400-041500 079
100106 133.780426 -4.339192 085400-041500 079
100716 133.777618 -4.339722 085400-041500 079
106401 133.808350 -4.312914 085400-041500 079
106747 133.356766 -4.310500 085400-041500 079
112920 133.423996 -4.286488 085400-041500 079
134705 133.239166 -4.201103 085400-041500 079
135538 133.758240 -4.204971 085400-041500 079
144746 133.794083 -4.158439 085400-041500 079
158127 133.750046 -4.104279 085400-041500 079
162994 133.469696 -4.092733 085400-041500 079
165036 133.371567 -4.078455 085400-041500 079
167270 133.643082 -4.067948 085400-041500 079
172924 133.393921 -4.048938 085400-041500 079
181676 133.630356 -4.008489 085400-041500 079
184073 133.171814 -4.001428 085400-041500 079
198753 133.575897 -3.941312 085400-041500 079
206180 133.289383 -3.910261 085400-041500 079
208091 133.047104 -3.904483 085400-041500 079
220099 133.724594 -3.854184 085400-041500 079
221198 133.266617 -3.851331 085400-041500 079
222307 133.136612 -3.846301 085400-041500 079
223017 133.854309 -3.844128 085400-041500 079
14848 133.056610 -3.749623 085400-031900 080
22040 133.154480 -3.717215 085400-031900 080
24636 133.112518 -3.707882 085400-031900 080
24679 133.507935 -3.710693 085400-031900 080
36091 133.130371 -3.656071 085400-031900 080
40711 133.036118 -3.637897 085400-031900 080
48032 133.051819 -3.604102 085400-031900 080
50212 133.951248 -3.605041 085400-031900 080
51971 133.961395 -3.587557 085400-031900 080
53852 133.285751 -3.578159 085400-031900 080
55791 133.117599 -3.568663 085400-031900 080
60426 133.831635 -3.545816 085400-031900 080
66076 133.173935 -3.520409 085400-031900 080
67433 133.050461 -3.516817 085400-031900 080
69614 133.481598 -3.504159 085400-031900 080
71847 133.292130 -3.492662 085400-031900 080
74169 133.587326 -3.482885 085400-031900 080
85236 133.734650 -3.435886 085400-031900 080
86464 133.265411 -3.437777 085400-031900 080
88814 133.872070 -3.421890 085400-031900 080
95182 133.178772 -3.395407 085400-031900 080
99816 133.556290 -3.374077 085400-031900 080
101167 133.389236 -3.368726 085400-031900 080
110271 133.820023 -3.325853 085400-031900 080
118409 133.834732 -3.288301 085400-031900 080
121376 133.161362 -3.273531 085400-031900 080
127463 133.749573 -3.248392 085400-031900 080
151362 133.712631 -3.142079 085400-031900 080
161170 133.681000 -3.108199 085400-031900 080
176961 133.836624 -3.022757 085400-031900 080
177060 133.874954 -3.025485 085400-031900 080
182593 133.820480 -3.002924 085400-031900 080
190432 133.812576 -2.967483 085400-031900 080
198312 133.627319 -2.929271 085400-031900 080
201492 133.667831 -2.918540 085400-031900 080
203433 133.368881 -2.906153 085400-031900 080
204968 133.522552 -2.899552 085400-031900 080
205257 133.727448 -2.899643 085400-031900 080
205835 133.524185 -2.897500 085400-031900 080
207698 133.559891 -2.886716 085400-031900 080
8211 133.299744 -2.851136 085400-022300 081
26571 133.607101 -2.771469 085400-022300 081
29380 133.443741 -2.763992 085400-022300 081
33139 133.339188 -2.748824 085400-022300 081
44379 133.233078 -2.702326 085400-022300 081
46244 133.870651 -2.703200 085400-022300 081
53190 133.207916 -2.668569 085400-022300 081
77271 133.040787 -2.569257 085400-022300 081
91273 133.059921 -2.516152 085400-022300 081
97462 133.191528 -2.496246 085400-022300 081
101840 133.932144 -2.468715 085400-022300 081
108974 133.896027 -2.442166 085400-022300 081
109938 133.280991 -2.440136 085400-022300 081
112578 133.367157 -2.430989 085400-022300 081
118019 133.204971 -2.407282 085400-022300 081
122056 133.578568 -2.385635 085400-022300 081
129883 133.325516 -2.354788 085400-022300 081
130444 133.481949 -2.354436 085400-022300 081
132549 133.553940 -2.349494 085400-022300 081
141607 133.276581 -2.304825 085400-022300 081
156353 133.901688 -2.246155 085400-022300 081
165260 133.391327 -2.205227 085400-022300 081
167587 133.828918 -2.197645 085400-022300 081
171322 133.937256 -2.179894 085400-022300 081
183985 133.731766 -2.136089 085400-022300 081
184679 133.614914 -2.122191 085400-022300 081
191689 133.878555 -2.094046 085400-022300 081
197772 133.839203 -2.070121 085400-022300 081
198411 133.529846 -2.068687 085400-022300 081
204025 133.323181 -2.051229 085400-022300 081
204955 133.418793 -2.041904 085400-022300 081
205236 133.194382 -2.048161 085400-022300 081
208678 133.378937 -2.024870 085400-022300 081
212716 133.193344 -2.012228 085400-022300 081
216734 133.186676 -1.998204 085400-022300 081
229735 133.215546 -1.943732 085400-022300 081
230643 133.587982 -1.938631 085400-022300 081
233316 133.113403 -1.933066 085400-022300 081
22762 133.069275 -1.854534 085400-012700 082
27953 133.866653 -1.836779 085400-012700 082
29531 133.797394 -1.833570 085400-012700 082
52499 133.492004 -1.734298 085400-012700 082
55059 133.943848 -1.733924 085400-012700 082
66062 133.644562 -1.676333 085400-012700 082
66818 133.127502 -1.669183 085400-012700 082
67843 133.332947 -1.676015 085400-012700 082
74035 133.179901 -1.638625 085400-012700 082
77198 133.535339 -1.629558 085400-012700 082
81617 133.219345 -1.614386 085400-012700 082
91555 133.509598 -1.565913 085400-012700 082
110505 133.818863 -1.486788 085400-012700 082
112593 133.428314 -1.472743 085400-012700 082
122379 133.044861 -1.430145 085400-012700 082
127519 133.924332 -1.403855 085400-012700 082
131057 133.291824 -1.392677 085400-012700 082
131310 133.626953 -1.388165 085400-012700 082
138746 133.708664 -1.363068 085400-012700 082
143185 133.829300 -1.339985 085400-012700 082
159808 133.812668 -1.267127 085400-012700 082
163347 133.727997 -1.265809 085400-012700 082
163918 133.713181 -1.256838 085400-012700 082
179234 133.842194 -1.187958 085400-012700 082
186597 133.895920 -1.150596 085400-012700 082
193068 133.033539 -1.125944 085400-012700 082
205091 133.616028 -1.083776 085400-012700 082
210542 133.625824 -1.056248 085400-012700 082
211474 133.074203 -1.050476 085400-012700 082
215344 133.951782 -1.030556 085400-012700 082
218353 133.069519 -1.026558 085400-012700 082
222763 133.226791 -1.007245 085400-012700 082
223500 133.958542 -1.001116 085400-012700 082
10184 134.552551 -5.632039 085749-051100 083
11999 134.911789 -5.623828 085749-051100 083
27943 134.097900 -5.542181 085749-051100 083
34383 134.762802 -5.511511 085749-051100 083
39528 134.759491 -5.483603 085749-051100 083
40789 134.601471 -5.468529 085749-051100 083
44327 134.722824 -5.450304 085749-051100 083
50085 134.826965 -5.423078 085749-051100 083
57019 134.862885 -5.379136 085749-051100 083
61138 134.108643 -5.355309 085749-051100 083
61706 134.047745 -5.357131 085749-051100 083
68883 134.619583 -5.313017 085749-051100 083
98038 134.725067 -5.161538 085749-051100 083
99787 134.150879 -5.144143 085749-051100 083
121775 134.586990 -5.032718 085749-051100 083
122874 134.006851 -5.023639 085749-051100 083
132228 134.322937 -4.982391 085749-051100 083
134643 134.842285 -4.965698 085749-051100 083
136949 134.270935 -4.951302 085749-051100 083
138334 133.988190 -4.946911 085749-051100 083
147394 134.537689 -4.894908 085749-051100 083
148495 134.880402 -4.888263 085749-051100 083
150680 134.775803 -4.878368 085749-051100 083
153213 134.884811 -4.866960 085749-051100 083
164339 134.252869 -4.813388 085749-051100 083
165821 134.577469 -4.803763 085749-051100 083
168066 134.764587 -4.798150 085749-051100 083
178154 134.607224 -4.736785 085749-051100 083
20704 134.011124 -4.655932 085749-041500 084
23985 134.590622 -4.644958 085749-041500 084
36958 134.805618 -4.592123 085749-041500 084
48686 134.228134 -4.536506 085749-041500 084
54517 134.687958 -4.512046 085749-041500 084
66773 134.509644 -4.452945 085749-041500 084
75074 134.711243 -4.418986 085749-041500 084
76402 134.126999 -4.415335 085749-041500 084
76421 134.846893 -4.411599 085749-041500 084
81023 134.879959 -4.390073 085749-041500 084
81731 134.594223 -4.391265 085749-041500 084
100734 134.118164 -4.307975 085749-041500 084
102390 134.299667 -4.299678 085749-041500 084
112226 134.089828 -4.259275 085749-041500 084
113810 134.738449 -4.255744 085749-041500 084
113928 134.412170 -4.251982 085749-041500 084
121034 134.714081 -4.218578 085749-041500 084
129079 134.254517 -4.195801 085749-041500 084
131900 134.117264 -4.180929 085749-041500 084
139572 134.184952 -4.137390 085749-041500 084
143014 134.601776 -4.124433 085749-041500 084
143761 134.775482 -4.118698 085749-041500 084
151253 134.889465 -4.085067 085749-041500 084
155403 134.860062 -4.069938 085749-041500 084
178353 134.833527 -3.966592 085749-041500 084
182353 134.853455 -3.949113 085749-041500 084
200445 134.330307 -3.874961 085749-041500 084
205881 134.176758 -3.859384 085749-041500 084
218651 134.619675 -3.794408 085749-041500 084
16134 134.810287 -3.753988 085749-031900 085
19697 134.816223 -3.746624 085749-031900 085
28761 134.123627 -3.708130 085749-031900 085
32154 134.254944 -3.694275 085749-031900 085
39225 134.162384 -3.661471 085749-031900 085
68006 134.445847 -3.543275 085749-031900 085
81649 134.404053 -3.495054 085749-031900 085
89214 134.440048 -3.466917 085749-031900 085
92341 134.550690 -3.447660 085749-031900 085
94731 134.646866 -3.440741 085749-031900 085
123346 134.692535 -3.331497 085749-031900 085
123923 134.900803 -3.333467 085749-031900 085
124764 134.460846 -3.329211 085749-031900 085
134998 134.316116 -3.290486 085749-031900 085
154046 134.865692 -3.221514 085749-031900 085
158163 134.674225 -3.209757 085749-031900 085
160235 134.700821 -3.197676 085749-031900 085
161031 134.913635 -3.194284 085749-031900 085
167181 134.887436 -3.181743 085749-031900 085
178326 134.921783 -3.130022 085749-031900 085
186173 134.650742 -3.099130 085749-031900 085
187802 134.695602 -3.091058 085749-031900 085
196306 134.773148 -3.057619 085749-031900 085
198818 134.530197 -3.042814 085749-031900 085
209735 134.179291 -3.001000 085749-031900 085
209823 134.175980 -3.003341 085749-031900 085
212505 134.003647 -2.988389 085749-031900 085
214260 133.981140 -2.986337 085749-031900 085
214988 134.587326 -2.981854 085749-031900 085
215995 134.185226 -2.980682 085749-031900 085
216246 134.408005 -2.973723 085749-031900 085
219382 134.014145 -2.961019 085749-031900 085
222510 134.821274 -2.951506 085749-031900 085
224382 134.006348 -2.945700 085749-031900 085
224460 134.370804 -2.943161 085749-031900 085
231281 134.028824 -2.917836 085749-031900 085
234052 134.533066 -2.901778 085749-031900 085
237177 134.893417 -2.889500 085749-031900 085
238445 134.212448 -2.896529 085749-031900 085
238551 134.236099 -2.891561 085749-031900 085
240265 134.056152 -2.875728 085749-031900 085
241114 134.823334 -2.875528 085749-031900 085
19182 133.989151 -2.797686 085749-022300 086
25649 134.361694 -2.776357 085749-022300 086
29959 134.135132 -2.748776 085749-022300 086
32091 134.545837 -2.745686 085749-022300 086
44896 134.441360 -2.684846 085749-022300 086
47603 134.646149 -2.672593 085749-022300 086
48648 134.914185 -2.670454 085749-022300 086
57179 134.699478 -2.625629 085749-022300 086
60030 134.474533 -2.613977 085749-022300 086
63526 134.867081 -2.601845 085749-022300 086
69018 134.115158 -2.578842 085749-022300 086
80541 134.128082 -2.530366 085749-022300 086
84124 134.133377 -2.511658 085749-022300 086
84404 134.418732 -2.513460 085749-022300 086
109076 134.284119 -2.421236 085749-022300 086
110406 134.452515 -2.404599 085749-022300 086
123020 134.580353 -2.355164 085749-022300 086
134000 134.240784 -2.309415 085749-022300 086
145493 134.295273 -2.258770 085749-022300 086
155953 134.238052 -2.223679 085749-022300 086
158454 134.000702 -2.210831 085749-022300 086
170199 134.068481 -2.160769 085749-022300 086
182067 134.689011 -2.111654 085749-022300 086
186599 134.673874 -2.095015 085749-022300 086
194665 134.412994 -2.062860 085749-022300 086
198205 134.393631 -2.044509 085749-022300 086
198259 134.658676 -2.040010 085749-022300 086
201112 134.808868 -2.033756 085749-022300 086
206550 134.073990 -2.005466 085749-022300 086
211004 134.313934 -1.987745 085749-022300 086
221188 134.652802 -1.943745 085749-022300 086
18780 134.046402 -1.863860 085749-012700 087
25506 134.402267 -1.836336 085749-012700 087
26004 134.017014 -1.834209 085749-012700 087
48001 134.796631 -1.742494 085749-012700 087
55838 134.263382 -1.710448 085749-012700 087
55961 134.610733 -1.711959 085749-012700 087
58392 134.801376 -1.698168 085749-012700 087
61284 134.833130 -1.691302 085749-012700 087
68829 134.661804 -1.656402 085749-012700 087
69545 134.874359 -1.656809 085749-012700 087
72107 134.163559 -1.640810 085749-012700 087
73035 134.367874 -1.636522 085749-012700 087
76987 134.301773 -1.619190 085749-012700 087
85348 134.165924 -1.589675 085749-012700 087
88900 134.167419 -1.575176 085749-012700 087
92682 134.719208 -1.553990 085749-012700 087
95363 134.400696 -1.544381 085749-012700 087
106310 134.340897 -1.501731 085749-012700 087
117167 134.262161 -1.450177 085749-012700 087
119986 134.374115 -1.437114 085749-012700 087
125093 134.246384 -1.413490 085749-012700 087
128073 134.123138 -1.400993 085749-012700 087
133740 134.482605 -1.378029 085749-012700 087
138955 134.203400 -1.359150 085749-012700 087
143968 134.790375 -1.341388 085749-012700 087
144922 134.438873 -1.333383 085749-012700 087
167225 134.215256 -1.243508 085749-012700 087
170671 134.409561 -1.230230 085749-012700 087
171600 134.569550 -1.224558 085749-012700 087
186533 134.043915 -1.169458 085749-012700 087
197719 134.239609 -1.121883 085749-012700 087
199511 134.814865 -1.112718 085749-012700 087
200285 134.106750 -1.111770 085749-012700 087
209180 134.349060 -1.080862 085749-012700 087
213136 134.854645 -1.059159 085749-012700 087
218807 134.772461 -1.040038 085749-012700 087
22279 135.527069 -5.578549 090137-051100 088
22681 135.623489 -5.571374 090137-051100 088
23926 135.323471 -5.564248 090137-051100 088
28202 135.165176 -5.548599 090137-051100 088
32002 135.538773 -5.529371 090137-051100 088
40913 135.281479 -5.480156 090137-051100 088
41911 135.280090 -5.480372 090137-051100 088
46870 135.230865 -5.450257 090137-051100 088
52686 135.483505 -5.424000 090137-051100 088
59262 135.040512 -5.389952 090137-051100 088
69111 135.477936 -5.339983 090137-051100 088
69144 135.478317 -5.348844 090137-051100 088
74545 135.592941 -5.310798 090137-051100 088
74821 135.689056 -5.315709 090137-051100 088
74854 135.685394 -5.313900 090137-051100 088
75745 135.419708 -5.306115 090137-051100 088
86963 135.580429 -5.249971 090137-051100 088
88248 135.564285 -5.242165 090137-051100 088
90832 135.662384 -5.227445 090137-051100 088
99477 135.205948 -5.187615 090137-051100 088
102422 135.302460 -5.181025 090137-051100 088
113865 135.565414 -5.118996 090137-051100 088
123838 135.101242 -5.075160 090137-051100 088
132634 135.841095 -5.035971 090137-051100 088
135858 135.655014 -5.012328 090137-051100 088
141488 135.756866 -4.991196 090137-051100 088
146968 135.744980 -4.961602 090137-051100 088
160605 135.537659 -4.890375 090137-051100 088
160768 135.701401 -4.891182 090137-051100 088
171149 135.291168 -4.842185 090137-051100 088
171497 135.134018 -4.838817 090137-051100 088
191623 135.031891 -4.751115 090137-051100 088
194531 135.802917 -4.738787 090137-051100 088
8798 135.760056 -4.710418 090137-041500 089
15348 134.964996 -4.680440 090137-041500 089
21938 135.536682 -4.654597 090137-041500 089
26169 135.478409 -4.635103 090137-041500 089
34500 135.081238 -4.593167 090137-041500 089
43459 135.536682 -4.548154 090137-041500 089
53444 135.397186 -4.507493 090137-041500 089
58047 135.108826 -4.480643 090137-041500 089
62682 135.167023 -4.461927 090137-041500 089
78139 135.246368 -4.399199 090137-041500 089
78381 134.997635 -4.398004 090137-041500 089
78564 135.871780 -4.397382 090137-041500 089
91421 135.357559 -4.335876 090137-041500 089
91476 135.551239 -4.331939 090137-041500 089
97153 135.203400 -4.305971 090137-041500 089
98667 135.352188 -4.299351 090137-041500 089
104370 135.788116 -4.271990 090137-041500 089
145630 135.290939 -4.077239 090137-041500 089
157096 135.524750 -4.020554 090137-041500 089
167785 135.829163 -3.964094 090137-041500 089
184172 135.660065 -3.885517 090137-041500 089
204521 135.424194 -3.786312 090137-041500 089
30871 135.753204 -3.694787 090137-031900 090
31482 135.110764 -3.689345 090137-031900 090
34340 135.476074 -3.679489 090137-031900 090
36417 135.025406 -3.669918 090137-031900 090
36570 135.165878 -3.668079 090137-031900 090
40718 135.635590 -3.653803 090137-031900 090
48512 135.637512 -3.621914 090137-031900 090
56563 135.558304 -3.592472 090137-031900 090
59673 135.184113 -3.581310 090137-031900 090
85189 135.153564 -3.478076 090137-031900 090
99927 135.372009 -3.417394 090137-031900 090
103383 135.180496 -3.398970 090137-031900 090
109415 135.760422 -3.376661 090137-031900 090
121954 135.142120 -3.334068 090137-031900 090
126016 135.396057 -3.318496 090137-031900 090
128846 135.037979 -3.307888 090137-031900 090
132685 135.330948 -3.292556 090137-031900 090
133713 135.616943 -3.287687 090137-031900 090
141116 135.394562 -3.261052 090137-031900 090
143472 135.099121 -3.251653 090137-031900 090
145593 135.048065 -3.245189 090137-031900 090
151489 134.967270 -3.226690 090137-031900 090
160616 135.457275 -3.189522 090137-031900 090
163273 134.994217 -3.180506 090137-031900 090
169152 135.199280 -3.166772 090137-031900 090
172045 135.305084 -3.146479 090137-031900 090
181532 135.060883 -3.110140 090137-031900 090
186387 135.044296 -3.094824 090137-031900 090
187873 134.999527 -3.086695 090137-031900 090
234236 135.390610 -2.909851 090137-031900 090
242257 135.834732 -2.875389 090137-031900 090
242551 135.169327 -2.877771 090137-031900 090
244344 135.303543 -2.867714 090137-031900 090
17333 135.084457 -2.818319 090137-022300 091
22720 134.984741 -2.805771 090137-022300 091
23348 135.054001 -2.808331 090137-022300 091
54703 135.432037 -2.686047 090137-022300 091
72304 135.041397 -2.608627 090137-022300 091
95089 135.537674 -2.531840 090137-022300 091
109505 135.657852 -2.479027 090137-022300 091
111064 134.941696 -2.476848 090137-022300 091
112713 135.173584 -2.465690 090137-022300 091
113754 135.535385 -2.465931 090137-022300 091
118690 135.563354 -2.448555 090137-022300 091
124385 135.409103 -2.428141 090137-022300 091
126912 135.222046 -2.427031 090137-022300 091
137716 135.318115 -2.373191 090137-022300 091
142528 135.327240 -2.356530 090137-022300 091
145842 135.056717 -2.342136 090137-022300 091
160495 135.298584 -2.294606 090137-022300 091
165639 135.717529 -2.270484 090137-022300 091
169857 135.167618 -2.265033 090137-022300 091
193189 135.481125 -2.173564 090137-022300 091
197079 135.595627 -2.158799 090137-022300 091
203240 135.253845 -2.132102 090137-022300 091
204244 135.359299 -2.131167 090137-022300 091
207630 134.982208 -2.113297 090137-022300 091
207801 135.369186 -2.113494 090137-022300 091
209903 135.093796 -2.109736 090137-022300 091
215160 135.098770 -2.093020 090137-022300 091
219238 135.335938 -2.083952 090137-022300 091
230307 135.028259 -2.032845 090137-022300 091
234511 135.495651 -2.018985 090137-022300 091
235106 135.378021 -2.015882 090137-022300 091
248970 135.429398 -1.969972 090137-022300 091
256574 135.013382 -1.941186 090137-022300 091
257474 135.685013 -1.936752 090137-022300 091
258554 135.704803 -1.935874 090137-022300 091
17618 135.401901 -1.891072 090137-012700 092
23252 135.577026 -1.864482 090137-012700 092
40286 135.795792 -1.815129 090137-012700 092
42625 135.080536 -1.796075 090137-012700 092
44082 135.419998 -1.791361 090137-012700 092
55031 134.985321 -1.757272 090137-012700 092
65355 135.078659 -1.714276 090137-012700 092
66308 135.475006 -1.710096 090137-012700 092
89504 135.695282 -1.623447 090137-012700 092
92872 135.111771 -1.610416 090137-012700 092
104216 135.840652 -1.572627 090137-012700 092
115487 135.534378 -1.530222 090137-012700 092
123711 134.953354 -1.505427 090137-012700 092
124750 135.702637 -1.493830 090137-012700 092
128125 135.222763 -1.490355 090137-012700 092
133066 134.938599 -1.466520 090137-012700 092
144003 135.393738 -1.434141 090137-012700 092
147087 135.267944 -1.419023 090137-012700 092
150454 135.095200 -1.403525 090137-012700 092
153520 135.461258 -1.394815 090137-012700 092
162815 135.367615 -1.361924 090137-012700 092
167445 135.819458 -1.341736 090137-012700 092
173742 135.271210 -1.316340 090137-012700 092
178401 135.136292 -1.308851 090137-012700 092
179909 135.503647 -1.294427 090137-012700 092
184167 135.836929 -1.278833 090137-012700 092
184460 135.200211 -1.279672 090137-012700 092
209863 134.943802 -1.184012 090137-012700 092
214283 135.823807 -1.168613 090137-012700 092
226527 135.131271 -1.122331 090137-012700 092
229890 135.145035 -1.115241 090137-012700 092
230954 135.589035 -1.105285 090137-012700 092
264985 135.592392 -0.978683 090137-012700 092
6339 136.755325 -5.649093 090526-051100 093
10009 136.293121 -5.632955 090526-051100 093
12363 135.964798 -5.617359 090526-051100 093
12675 136.690918 -5.620517 090526-051100 093
13042 136.383499 -5.619873 090526-051100 093
24843 136.415787 -5.547664 090526-051100 093
31556 136.396500 -5.511671 090526-051100 093
47040 136.440567 -5.430766 090526-051100 093
71454 136.666321 -5.302149 090526-051100 093
104067 136.220657 -5.143771 090526-051100 093
107816 136.118896 -5.124926 090526-051100 093
109067 135.996033 -5.120643 090526-051100 093
110515 136.258362 -5.109500 090526-051100 093
111240 136.566788 -5.102630 090526-051100 093
113388 136.513748 -5.097455 090526-051100 093
115234 136.534943 -5.086157 090526-051100 093
117310 136.435394 -5.078124 090526-051100 093
117499 136.514130 -5.079869 090526-051100 093
117522 136.180527 -5.080184 090526-051100 093
130712 136.427200 -5.012398 090526-051100 093
133537 136.567459 -4.991500 090526-051100 093
133940 136.722504 -4.987316 090526-051100 093
137823 135.960403 -4.968999 090526-051100 093
137959 136.708084 -4.973441 090526-051100 093
144303 136.215164 -4.936597 090526-051100 093
145989 136.358414 -4.921151 090526-051100 093
146347 136.358612 -4.920795 090526-051100 093
153633 136.010040 -4.887088 090526-051100 093
154510 136.817154 -4.878874 090526-051100 093
155251 136.610870 -4.876196 090526-051100 093
157262 136.164368 -4.873621 090526-051100 093
162039 135.908478 -4.844776 090526-051100 093
164224 136.084229 -4.838169 090526-051100 093
165203 136.013580 -4.831066 090526-051100 093
14442 136.121674 -4.687221 090526-041500 094
15350 135.919525 -4.683390 090526-041500 094
21810 136.110641 -4.655403 090526-041500 094
30433 136.602158 -4.610741 090526-041500 094
35337 136.676117 -4.591198 090526-041500 094
43467 136.078354 -4.547004 090526-041500 094
47843 136.512909 -4.530022 090526-041500 094
48244 136.194000 -4.525490 090526-041500 094
48932 136.765518 -4.524274 090526-041500 094
49894 136.003448 -4.515514 090526-041500 094
49998 136.403732 -4.517309 090526-041500 094
61206 136.423920 -4.458600 090526-041500 094
67348 136.185822 -4.433907 090526-041500 094
73119 136.420181 -4.407475 090526-041500 094
74789 136.419113 -4.400876 090526-041500 094
76927 136.071777 -4.387637 090526-041500 094
77025 136.468369 -4.389858 090526-041500 094
82313 136.234726 -4.362142 090526-041500 094
84782 136.450745 -4.359296 090526-041500 094
91257 136.122192 -4.324798 090526-041500 094
93477 135.971512 -4.312588 090526-041500 094
99269 135.925034 -4.289505 090526-041500 094
110230 136.075958 -4.237774 090526-041500 094
111507 136.173431 -4.231525 090526-041500 094
112131 136.526917 -4.228609 090526-041500 094
118560 136.607422 -4.204624 090526-041500 094
125155 136.630295 -4.176450 090526-041500 094
130610 136.163101 -4.150142 090526-041500 094
137123 136.058411 -4.122220 090526-041500 094
149251 136.508011 -4.070875 090526-041500 094
152363 135.968552 -4.054542 090526-041500 094
161537 136.618912 -4.014034 090526-041500 094
164418 136.530823 -4.000482 090526-041500 094
165378 136.460281 -3.998029 090526-041500 094
167689 136.810150 -3.989736 090526-041500 094
169009 135.924133 -3.983470 090526-041500 094
174042 136.431046 -3.968360 090526-041500 094
177134 135.985092 -3.945298 090526-041500 094
184472 136.032532 -3.911083 090526-041500 094
17636 136.369308 -3.748781 090526-031900 095
27081 135.960785 -3.710411 090526-031900 095
99515 136.685501 -3.400047 090526-031900 095
111948 136.151215 -3.340950 090526-031900 095
113419 136.097702 -3.337259 090526-031900 095
137585 135.994247 -3.237164 090526-031900 095
138888 136.563812 -3.234487 090526-031900 095
143375 135.985519 -3.220904 090526-031900 095
154871 136.344238 -3.168846 090526-031900 095
174275 136.325195 -3.079990 090526-031900 095
190499 136.290390 -3.005857 090526-031900 095
16177 136.639389 -2.804894 090526-022300 096
24585 136.601288 -2.766305 090526-022300 096
24840 136.246735 -2.764016 090526-022300 096
26563 136.427353 -2.754922 090526-022300 096
35709 136.716797 -2.708320 090526-022300 096
41268 136.472427 -2.682196 090526-022300 096
41653 136.175629 -2.679261 090526-022300 096
48095 136.055786 -2.646633 090526-022300 096
54941 136.261887 -2.617813 090526-022300 096
64418 136.804413 -2.576229 090526-022300 096
66057 136.803726 -2.568649 090526-022300 096
66232 136.495560 -2.564882 090526-022300 096
71045 136.821686 -2.547143 090526-022300 096
73016 136.008240 -2.535999 090526-022300 096
76575 136.081497 -2.525988 090526-022300 096
78483 136.297394 -2.511635 090526-022300 096
78929 136.024902 -2.510634 090526-022300 096
94975 136.466797 -2.439307 090526-022300 096
98067 136.009415 -2.426924 090526-022300 096
101040 136.106873 -2.415568 090526-022300 096
103773 136.142105 -2.402937 090526-022300 096
104678 136.204514 -2.400499 090526-022300 096
108133 136.771759 -2.388155 090526-022300 096
116508 136.310745 -2.347172 090526-022300 096
118439 136.265747 -2.345283 090526-022300 096
120424 135.979843 -2.328019 090526-022300 096
125169 136.389221 -2.310851 090526-022300 096
127538 136.363068 -2.301416 090526-022300 096
128249 136.452698 -2.301178 090526-022300 096
129919 136.810699 -2.291591 090526-022300 096
147567 136.121857 -2.216870 090526-022300 096
149985 136.601944 -2.204044 090526-022300 096
161828 136.466446 -2.154541 090526-022300 096
162093 136.019684 -2.154005 090526-022300 096
165879 136.129257 -2.135267 090526-022300 096
170606 136.781296 -2.110926 090526-022300 096
183270 135.914505 -2.057827 090526-022300 096
184265 136.173447 -2.061403 090526-022300 096
187624 136.154617 -2.050725 090526-022300 096
191115 136.096375 -2.033793 090526-022300 096
194133 136.043518 -2.019046 090526-022300 096
199614 136.586517 -1.996578 090526-022300 096
202772 136.362198 -1.981359 090526-022300 096
206797 136.608673 -1.969336 090526-022300 096
210545 136.721130 -1.957286 090526-022300 096
212377 135.951584 -1.939306 090526-022300 096
218356 136.344681 -1.912344 090526-022300 096
14399 136.508621 -1.883454 090526-012700 097
16680 136.572556 -1.873053 090526-012700 097
18188 136.430786 -1.865902 090526-012700 097
19353 135.912430 -1.863066 090526-012700 097
21369 136.309296 -1.853059 090526-012700 097
26399 135.913467 -1.836973 090526-012700 097
27200 136.180695 -1.824164 090526-012700 097
30929 136.079483 -1.805829 090526-012700 097
37257 136.094223 -1.775657 090526-012700 097
47416 136.442657 -1.731018 090526-012700 097
49121 136.193604 -1.720629 090526-012700 097
60263 136.783737 -1.676341 090526-012700 097
63309 136.009949 -1.654712 090526-012700 097
63667 136.748764 -1.653140 090526-012700 097
64367 136.028564 -1.650832 090526-012700 097
69390 136.716522 -1.628223 090526-012700 097
72303 136.724792 -1.615886 090526-012700 097
80056 136.096191 -1.584508 090526-012700 097
81492 136.764206 -1.579244 090526-012700 097
83248 136.594406 -1.564568 090526-012700 097
84570 136.750671 -1.569127 090526-012700 097
94919 136.776093 -1.515293 090526-012700 097
98489 136.815079 -1.499526 090526-012700 097
100286 136.706772 -1.491707 090526-012700 097
100702 136.064117 -1.489628 090526-012700 097
102286 136.479599 -1.483949 090526-012700 097
115391 136.778748 -1.419433 090526-012700 097
123614 136.147522 -1.382851 090526-012700 097
133418 136.516632 -1.338724 090526-012700 097
148229 135.899261 -1.276165 090526-012700 097
155862 135.980804 -1.237696 090526-012700 097
160316 136.321701 -1.215036 090526-012700 097
162402 136.595200 -1.207463 090526-012700 097
167522 136.049103 -1.183848 090526-012700 097
177971 136.557983 -1.136370 090526-012700 097
184714 136.248260 -1.103252 090526-012700 097
193918 135.979721 -1.064050 090526-012700 097
